10,94
10,166
10,64
10,136
10,100
10,2
10,3
9,7
9,2
9,3
8,6
8,17
8,16
8,18
8,2
8,3
20,3
20,2
20,1
19,3
19,2
19,1
12,3
12,2
12,1
11,29
11,28
11,27
11,26
11,25
11,24
11,23
11,22
11,21
11,20
11,19
11,18
11,17
11,16
11,15
11,14
11,13
11,12
11,11
11,10
11,9
11,8
11,7
11,6
11,5
11,4
11,3
11,2
11,1
10,312
10,309
10,308
10,301
10,300
10,296
10,294
10,284
10,283
10,281
10,280
10,277
10,274
10,272
10,271
10,270
10,269
10,268
10,267
10,264
10,259
10,258
10,255
10,253
10,252
18,1
10,251
18,3
10,249
10,248
10,245
10,243
10,241
14,1
10,240
14,3
10,238
10,233
13,1
10,231
13,3
10,230
10,228
10,226
10,216
10,213
10,210
10,209
10,208
10,206
10,205
10,204
10,203
10,202
10,201
10,200
10,198
10,193
10,190
10,185
10,180
